0.6659192075051416
0.6664167902920112
0.6669140408787301
0.6674109584513035
0.6679075422011508
0.6684037913250909
0.6688997050253257
0.6693952825094253
0.6698905229903112
0.6703854256862413
0.6708799898207932
0.6713742146228499
0.6718680993265819
0.672361643171433
0.6728548454021032
0.6733477052685339
0.6738402220258907
0.6743323949345491
0.6748242232600763
0.6753157062732177
0.6758068432498788
0.6762976334711103
0.6767880762230924
0.6772781707971172
0.6777679164895744
0.6782573126019339
0.6787463584407313
0.6792350533175494
0.6797233965490052
0.6802113874567306
0.6806990253673586
0.6811863096125069
0.6816732395287602
0.6821598144576564
0.6826460337456686
0.6831318967441887
0.6836174028095146
0.684102551302829
0.6845873415901882
0.6850717730425021
0.6855558450355197
0.6860395569498138
0.686522908170763
0.687005898088537
0.6874885260980795
0.6879707915990926
0.688452693996021
0.6889342326980344
0.689415407119013
0.6898962166775298
0.6903766607968368
0.6908567389048458
0.6913364504341151
0.6918157948218312
0.6922947715097942
0.6927733799444011
0.6932516195766291
0.6937294898620204
0.6942069902606658
0.6946841202371891
0.6951608792607292
0.695637266804927
0.6961132823479063
0.6965889253722599
0.6970641953650326
0.6975390918177052
0.6980136142261789
0.698487762090759
0.6989615349161387
0.6994349322113838
0.6999079534899155
0.7003805982694962
0.700852866072212
0.7013247564244574
0.7017962688569193
0.7022674029045612
0.7027381581066074
0.7032085340065267
0.703678530152017
0.7041481460949891
0.7046173813915514
0.7050862356019932
0.7055547082907697
0.7060227990264863
0.7064905073818822
0.7069578329338149
0.7074247752632447
0.7078913339552187
0.7083575085988557
0.7088232987873302
0.709288704117856
0.7097537241916716
0.7102183586140245
0.7106826069941553
0.7111464689452823
0.7116099440845858
0.7120730320331924
0.7125357324161605
0.7129980448624634
0.7134599690049755
0.7139215044804552
0.7143826509295303
0.7148434079966832
0.7153037753302341
0.7157637525823278
0.7162233394089154
0.7166825354697419
0.7171413404283303
0.7175997539519644
0.7180577757116757
0.7185154053822284
0.7189726426421021
0.7194294871734789
0.719885938662227
0.7203419967978865
0.7207976612736532
0.7212529317863655
0.721707808036486
0.7221622897280916
0.7226163765688532
0.7230700682700251
0.7235233645464271
0.7239762651164315
0.7244287697019475
0.724880878028407
0.725332589824748
0.7257839048234032
0.726234822760282
0.7266853433747581
0.7271354664096524
0.7275851916112225
0.7280345187291428
0.7284834475164955
0.7289319777297503
0.7293801091287553
0.7298278414767189
0.7302751745401973
0.7307221080890791
0.7311686418965713
0.7316147757391843
0.7320605093967195
0.7325058426522527
0.7329507752921219
0.733395307105911
0.733839437886437
0.734283167429736
0.7347264955350491
0.7351694220048066
0.7356119466446168
0.736054069263249
0.7364957896726224
0.7369371076877891
0.737378023126924
0.7378185358113071
0.7382586455653115
0.7386983522163901
0.7391376555950608
0.7395765555348933
0.7400150518724948
0.7404531444474971
0.7408908331025427
0.7413281176832704
0.7417649980383034
0.7422014740192348
0.7426375454806129
0.7430732122799304
0.7435084742776082
0.7439433313369849
0.7443777833243005
0.7448118301086852
0.7452454715621452
0.7456787075595493
0.7461115379786166
0.7465439626999024
0.7469759816067855
0.7474075945854547
0.7478388015248966
0.7482696023168818
0.7486999968559509
0.749129985039405
0.7495595667672883
0.7499887419423789
0.7504175104701735
0.7508458722588763
0.7512738272193845
0.7517013752652771
0.7521285163128021
0.7525552502808625
0.7529815770910043
0.7534074966674048
0.7538330089368587
0.754258113828767
0.754682811275123
0.7551071012105006
0.7555309835720417
0.7559544582994447
0.7563775253349508
0.7568001846233323
0.7572224361118803
0.7576442797503926
0.7580657154911618
0.7584867432889619
0.7589073631010378
0.7593275748870915
0.7597473786092723
0.7601667742321627
0.7605857617227668
0.7610043410504995
0.7614225121871736
0.7618402751069882
0.7622576297865167
0.7626745762046955
0.7630911143428117
0.7635072441844918
0.7639229657156893
0.7643382789246749
0.764753183802022
0.765167680340598
0.7655817685355505
0.7659954483842976
0.7664087198865154
0.7668215830441266
0.7672340378612899
0.7676460843443874
0.7680577225020144
0.7684689523449681
0.7688797738862356
0.769290187140983
0.7697001921265443
0.7701097888624108
0.7705189773702198
0.7709277576737419
0.7713361297988731
0.7717440937736205
0.7721516496280948
0.772558797394496
0.7729655371071048
0.7733718688022706
0.7737777925184027
0.7741833082959558
0.774588416177424
0.7749931162073249
0.7753974084321943
0.7758012929005716
0.7762047696629909
0.7766078387719703
0.7770105002820009
0.7774127542495384
0.7778146007329881
0.7782160397926999