1.362460849287933
1.074296150827524
1.1435145692691682
1.122914980431791
1.1431918108212462
1.1464939854747342
1.1578413224239545
1.166111239459952
1.176056473988404
1.1855105687287095
1.1953354746786897
1.205092637500324
1.2149153150901328
1.2247008422796577
1.2344552824265203
1.2441454110338455
1.2537604215238713
1.2632849769850296
1.2727097584584468
1.2820263750978995
1.291228924687197
1.3003128606248977
1.3092750587982365
1.3181134477493632
1.3268268758233481
1.3354149255783252
1.3438777893317833
1.3522161520329263
1.3604310987487904
1.3685240350800436
1.3764966216646066
1.38435071913601
1.3920883424184725
1.399711622612014
1.4072227753431379
1.4146240744968062
1.4219178304806788
1.4291063722850479
1.4361920327312543
1.4431771363947696
1.4500639897734227
1.456854873339186
1.463552035169866
1.4701576859051875
1.476673994812191
1.4831030867788335
1.4894470400831343
1.4957078848091891
1.501887601801492
1.507988122065978
1.5140113265405155
1.5199590461696015
1.5258330622282277
1.5316351068484702
1.5373668637096418
1.5430299688590008
1.5486260116352089
1.5541565356711793
1.5596230399566642
1.5650269799441368
1.5703697686841906
1.5756527779789897
1.5808773395442124
1.5860447461716047
1.591156252885639
1.5962130780889539
1.601216404692268
1.6061673812252897
1.6110671229258935
1.6159167128053953
1.6207172026883192
1.6254696142254403
1.6301749398792849
1.6348341438815222
1.6394481631620088
1.6440179082493789
1.648544264143297
1.6530280911586257
1.6574702257418583
1.661871481260279
1.6662326487643826
1.6705544977241438
1.674837776739766
1.6790832142275913
1.6832915190818485
1.6874633813129636
1.6915994726631416
1.6957004471999442
1.6997669418885792
1.703799577143622
1.7077989573608716
1.7117656714300298
1.7157002932288978
1.7196033820997398
1.7234754833084782
1.7273171284873445
1.731128836061596
1.7349111116609075
1.7386644485160099
1.7423893278411233
1.7460862192027442
1.749755580875287
1.7533978601841078
1.7570134938363673
1.7606029082402188
1.764166519812764
1.7677047352772153
1.771217951949663
1.7747065580158752
1.7781709327984807
1.7816114470149413
1.7850284630266327
1.7884223350793966
1.7917934095358918
1.7951420251000352
1.7984685130338647
1.8017731973670903
1.8050563950996168
1.8083184163973123
1.8115595647812661
1.814780137310782
1.8179804247603568
1.82116071179085
1.8243212771150714
1.8274623936579946
1.8305843287117893
1.8336873440858736
1.836771696252157
1.839837636485659
1.8428854110006718
1.8459152610826308
1.848927423215831
1.851922129207172
1.8548996063060403
1.8578600773204867
1.8608037607298369
1.8637308707938327
1.8666416176584615
1.8695362074585684
1.8724148424173708
1.8752777209429807
1.8781250377220446
1.8809569838105968
1.8837737467222226
1.8865755105136197
1.8893624558676547
1.8921347601740006
1.8948925976074227
1.8976361392038095
1.9003655529340173
1.9030810037755959
1.9057826537824791
1.9084706621526986
1.9111451852941794
1.913806376888702
1.9164543879540694
1.9190893669045472
1.9217114596096303
1.9243208094511957
1.9269175573790882
1.9295018419651842
1.932073799455997
1.9346335638238494
1.9371812668166875
1.9397170380065392
1.9422410048367056
1.9447532926676792
1.9472540248218662
1.949743322627126
1.9522213054591788
1.9546880907829014
1.9571437941925616
1.959588529451005
1.9620224085278535
1.9644455416367042
1.966858037271405
1.9692600022413982
1.9716515417061753
1.9740327592088711
1.9764037567090194
1.978764634614488
1.9811154918126308
1.983456425700666
1.9857875322153138
1.9881089058617096
1.9904206397416138
1.9927228255809333
1.9950155537565912
1.9972989133227423
1.9995729920363667
2.0018378763822526
2.004093651597393
2.0063404016947928
2.008578209486739
2.0108071566075068
2.0130273235355487
2.015238789615166
2.01744163307768
2.019635931062116
2.0218217596354187
2.0239991938121986
2.0261683075740398
2.028329173888364
2.0304818647268745
2.032626451083586
2.0347630029924524
2.0368915895445983
2.039012278905179
2.0411251383298596
2.043230234180936
2.0453276319431057
2.047417396238893
2.049499590843737
2.051574278700761
2.0536415219352153
2.0557013818686207
2.057753919032604
2.0597991931824358
2.061837263310291
2.0638681876582265
2.0658920237308815
2.0679088283079192
2.0699186574562027
2.0719215665417265
2.0739176102412924
2.0759068425539495
2.077889316812202
2.0798650856929846
2.081834201228411
2.0837967148163172
2.08575267723057
2.087702138631199
2.0896451485742933
2.091581756021721
2.093512009350651
2.095435956362883
2.0973536442939924
2.0992651198223053
2.1011704290776834
2.103069617650147
2.1049627305983263
2.106849812457754
2.1087309072489893
2.1106060584855935
2.112475309181947
2.114338701860923
2.116196278561405
2.1180480808456785
2.119894149806666
2.1217345260750324