0.7173857842239775
0.7647459789012904
0.8072802251923554
0.8451078314867252
0.8785344041883909
0.9079511682550452
0.9337744944131816
0.9564119806121124
0.9762449500771703
0.9936206662193126
1.008850087678409
1.0222086446679282
1.033938551281742
1.0442517952200558
1.0533333206494326
1.0613441410228683
1.0684242480165984
1.0746952574016488
1.080262774891269
1.0852184880597295
1.0896420022275368
1.0936024434729836
1.0971598534739744
1.1003664003808156
1.1032674283600006
1.1059023664101402
1.1083055148665952
1.1105067258655614
1.1125319920277
1.1144039557901861
1.1161423501784051
1.1177643803617916
1.1192850540709025
1.1207174678488476
1.1220730551526403
1.1233618014917053
1.1245924310756974
1.1257725688273135
1.1269088810846914
1.1280071978608017
1.1290726191336355
1.1301096073022903
1.1311220676524385
1.132113418423623
1.133086651854615
1.1340443873967891
1.1349889181249384
1.135922251236508
1.1368461434108246
1.1377621316968247
1.1386715605087938
1.1395756052327437
1.1404752928795945
1.141371520163865
1.1422650693368257
1.1431566220600398
1.144046771567924
1.1449360333356295
1.1458248544405538
1.1467136217814606
1.1476026692981225
1.1484922843160421
1.1493827131249366
1.150274165885804
1.1511668209493664
1.1520608286582292
1.1529563146959683
1.1538533830384206
1.1547521185555512
1.1556525893062133
1.1565548485628863
1.1574589365988672
1.1583648822663875
1.1592727043906292
1.1601824130015521
1.1610940104227676
1.1620074922343542
1.1629228481244616
1.1638400626427536
1.1647591158671788
1.1656799839941574
1.1666026398610951
1.1675270534090498
1.1684531920924537
1.169381021241992
1.1703105043859863
1.1712416035350466
1.172174279434154
1.1731084917858843
1.1740441994480288
1.1749813606085087
1.175919932940128
1.1768598737374352
1.1778011400376809
1.1787436887276599
1.1796874766379957
1.180632460626262
1.1815785976501822
1.1825258448319933
1.1834741595149547
1.1844234993128582
1.1853738221533103
1.1863250863154722
1.187277250462854
1.1882302736717107
1.18918411545552
1.1901387357859592
1.1910940951107774
1.1920501543688875
1.1930068750029903
1.1939642189699926
1.194922148749467
1.195880627350361
1.1968396183161536
1.1977990857286247
1.1987589942103927
1.1997193089263567
1.2006799955841692
1.2016410204338357
1.2026023502665601
1.2035639524128994
1.204525794740326
1.2054878456502562
1.2064500740746114
1.2074124494719671
1.2083749418233443
1.209337521627679
1.2103001598970227
1.2112628281515023
1.212225498414069
1.21318814320508
1.2141507355367176
1.2151132489072918
1.2160756572954314
1.217037935154188
1.2180000574050731
1.2189619994320353
1.219923737075404
1.220885246625796
1.2218465048180116
1.2228074888249165
1.2237681762513322
1.224728545127925
1.2256885739051218
1.2266482414470412
1.2276075270254545
1.228566410313779
1.2295248713811102
1.2304828906862937
1.2314404490720439
1.2323975277591062
1.2333541083404773
1.2343101727756716
1.2352657033850474
1.2362206828441866
1.2371750941783357
1.2381289207569088
1.2390821462880444
1.2400347548132313
1.2409867307019973
1.241938058646655
1.2428887236571207
1.2438387110557911
1.2447880064724879
1.2457365958394664
1.2466844653864906
1.2476316016359723
1.2485779913981754
1.249523621766486
1.2504684801127477
1.251412554082658
1.2523558315912346
1.2532983008183418
1.2542399502042811
1.2551807684454446
1.2561207444900344
1.2570598675338394
1.2579981270160772
1.258935512615296
1.2598720142453377
1.2608076220513602
1.2617423264059207
1.2626761179051171
1.2636089873647867
1.2645409258167646
1.2654719245051973
1.266401974882916
1.2673310686078603
1.2682591975395618
1.2691863537356805
1.2701125294485947
1.2710377171220437
1.2719619093878254
1.2728850990625429
1.2738072791444035
1.2747284428100685
1.2756485834115525
1.2765676944731705
1.2774857696885382
1.2784028029176129
1.2793187881837886
1.2802337196710332
1.2811475917210737
1.2820603988306274
1.2829721356486725
1.2838827969737716
1.284792377751429
1.2857008730714998
1.286608278165634
1.2875145884047636
1.2884197992966355
1.2893239064833801
1.2902269057391182
1.2911287929676105
1.2920295641999466
1.2929292155922671
1.293827743423529
1.2947251440933008
1.2956214141196007
1.2965165501367684
1.297410548893368
1.2983034072501318
1.2991951221779354
1.3000856907558032
1.300975110168953
1.3018633777068693
1.3027504907614083
1.3036364468249368
1.3045212434885005
1.305404878440022
1.306287349462533
1.307168654432428
1.3080487913177585
1.3089277581765442
1.3098055531551196
1.3106821744865085
1.3115576204888206
1.3124318895636786
1.313304980194674
1.3141768909458407
1.315047620460166
1.3159171674581156
1.3167855307361906
1.3176527091655044
1.318518701690387
1.3193835073270106
1.3202471251620393
1.3211095543513023
1.321970794118488
1.3228308437538587