1.362460849287933
1.074296150827524
1.1435145692691682
1.122914980431791
1.1431918108212462
1.1464939854747342
1.1578413224239545
1.166111239459952
1.176056473988404
1.1855105687287095
1.1953354746786897
1.205092637500324
1.2149153150901328
1.2247008422796577
1.2344552824265203
1.2441454110338455
1.2537604215238713
1.2632849769850296
1.2727097584584468
1.2820263750978995
1.291228924687197
1.3003128606248977
1.3092750587982365
1.3181134477493632
1.3268268758233481
1.3354149255783252
1.3438777893317833
1.3522161520329263
1.3604310987487904
1.3685240350800436
1.3764966216646066
1.38435071913601
1.3920883424184725
1.399711622612014
1.4072227753431379
1.4146240744968062
1.4219178304806788
1.4291063722850479
1.4361920327312543
1.4431771363947696
1.4500639897734227
1.456854873339186
1.463552035169866
1.4701576859051875
1.476673994812191
1.4831030867788335
1.4894470400831343
1.4957078848091891
1.501887601801492
1.507988122065978
1.5140113265405155
1.5199590461696015
1.5258330622282277
1.5316351068484702
1.5373668637096418
1.5430299688590008
1.5486260116352089
1.5541565356711793
1.5596230399566642
1.5650269799441368
1.5703697686841906
1.5756527779789897
1.5808773395442124
1.5860447461716047
1.591156252885639
1.5962130780889539
1.601216404692268
1.6061673812252897
1.6110671229258935
1.6159167128053953
1.6207172026883192
1.6254696142254403
1.6301749398792849
1.6348341438815222
1.6394481631620088
1.6440179082493789
1.648544264143297
1.6530280911586257
1.6574702257418583
1.661871481260279
1.6662326487643826
1.6705544977241438
1.674837776739766
1.6790832142275913
1.6832915190818485
1.6874633813129636
1.6915994726631416
1.6957004471999442
1.6997669418885792
1.703799577143622
1.7077989573608716
1.7117656714300298
1.7157002932288978
1.7196033820997398
1.7234754833084782
1.7273171284873445
1.731128836061596
1.7349111116609075
1.7386644485160099
1.7423893278411233