0.31
0.31
0.31
0.31
0.31
0.31
0.31
0.32
0.32
0.32
0.32
0.32
0.32
0.32
0.32
0.32
0.33
0.33
0.34
0.37
0.37
0.41
0.47
0.52
0.55
0.59
0.63
0.63
0.63
0.64
0.65
0.66
0.66
0.66
0.66
0.66
0.66
0.67
0.67
0.67
0.67
0.67
0.67
0.67
0.67
0.67
0.67
0.67
0.67
0.67
0.67
0.67
0.67
0.67
0.68
0.69
0.7
0.7
0.7
0.7
0.7
0.7
0.7
0.71
0.71
0.71
0.71
0.71
0.71
0.71
0.71
0.71
0.72
0.73
0.73
0.73
0.73
0.73
0.73
0.73
0.74
0.74
0.74
0.74
0.74
0.74
0.74
0.74
0.74
0.74
0.74
0.74
0.74
0.74
0.74
0.74
0.74
0.74
0.76
0.76
0.76
0.76
0.76
0.76
0.76
0.76
0.76
0.76
0.76
0.76
0.76
0.76
0.76
0.76
0.76
0.76
0.76
0.76
0.76
0.76
0.76
0.76
0.76
0.76
0.76
0.76
0.77
0.77
0.77
0.77
0.78
0.78
0.78
0.78
0.78
0.78
0.78
0.78
0.78
0.78
0.78
0.78
0.78
0.78
0.78
0.78
0.78
0.78
0.78
0.78
0.78
0.78
0.78
0.78
0.78
0.78
0.78
0.78
0.78
0.78
0.78
0.78
0.78
0.78
0.78
0.78
0.78
0.78
0.78
0.78
0.78
0.78
0.78
0.78
0.78
0.78
0.78
0.78
0.78
0.78
0.78
0.78
0.78
0.78
0.78
0.78
0.78
0.78
0.78
0.78
0.78
0.78
0.78
0.78
0.78
0.78
0.78
0.78
0.78
0.79
0.79
0.79
0.8
0.8
0.8
0.8
0.8
0.8
0.81
0.81
0.81
0.81
0.81
0.81
0.81
0.81
0.82
0.82
0.82
0.82
0.82
0.82
0.82
0.82
0.82
0.82
0.82
0.82
0.82
0.82
0.82
0.82
0.82
0.83
0.83
0.83
0.83
0.83
0.83
0.83
0.83
0.83
0.83
0.83
0.83
0.83
0.83
0.83
0.83
0.83