0.3473608686263648
0.3514826708103501
0.358025266374111
0.3662922033940145
0.3757691774239198
0.38608202691219007
0.3969597809071891
0.40820592893565205
0.4196773431448856
0.43126922154628483
0.44290443793568873
0.4545260121852333
0.46609176077089887
0.47757046662555536
0.48893911135270923
0.5001808553552541
0.5112835490996674
0.5222386252147784
0.533040266392806
0.5436847750267836
0.554170091849955
0.5644954256607252
0.5746609666044444
0.5846676628344201
0.5945170456264267
0.6042110918085393
0.6137521151247638
0.6231426801751709
0.6323855340743841
0.641483552089636
0.6504396943619565
0.659256971452639
0.6679384169446864
0.6764870657036546
0.6849059366921421
0.6931980194576939
0.7013662635903477
0.7094135705848729
0.7173427876525069
0.7251567031141846
0.7328580430768192
0.7404494691499424
0.7479335770048443
0.7553128956145623
0.7625898870423905
0.7697669466704243
0.7768464037790774
0.7838305224044014
0.7907215024130418
0.7975214807453666
0.8042325327860952
0.810856673829017
0.8173958606083872
0.8238519928745383
0.8302269149953645
0.8365224175687438
0.8427402390337756
0.8488820672710842
0.854949541184363
0.8609442522569758
0.866867746078762
0.872721523839315
0.8785070437849257
0.8842257226371565
0.8898789369716228
0.8954680245561123
0.9009942856475617
0.9064589842477991
0.911863349318207
0.9172085759537218
0.9224958265167493
0.9277262317317289
0.9329008917411894
0.9380208771242319
0.9430872298784316
0.9481009643661987
0.9530630682266793
0.9579745032542707
0.9628362062448677
0.9676490898109174
0.972414043166386
0.9771319328827053
0.9818036036167516
0.9864298788119046
0.9910115613731839
0.995549434317455
1.0000442613996594
1.004496787715997
1.0089077402849522
1.0132778286070454
1.0176077452041339
1.021898166139073
1.0261497515165252
1.030363145965646
1.0345389791053934
1.038677865993127
1.042780407557181
1.0468471910140356
1.0508787902707108
1.0548757663129624
1.0588386675798418
1.0627680303251767
1.0666643789664618
1.0705282264216855
1.0743600744345467
1.0781604138885295
1.0819297251102677
1.085668478162614
1.0893771331278237
1.093056140381227
1.0967059408557627
1.1003269662977238
1.103919639514053
1.1074843746115097
1.1110215772280172
1.1145316447564921
1.1180149665614316
1.1214719241885336
1.1249028915676218
1.1283082352091027
1.1316883143942167
1.1350434813592971
1.138374081474267
1.141680453415583
1.144962929333827
1.1482218350161253
1.1514574900436243
1.1546702079441458
1.157860296340235
1.1610280570927554
1.164173786440171
1.1672977751336815
1.170400308568376
1.1734816669105008
1.1765421252210064
1.179581953575507
1.1826014171807404
1.1856007764877001
1.188580287301501
1.1915402008881304
1.1944807640781616
1.197402219367543
1.2003048050155796
1.2031887551401415
1.2060542998102803
1.2089016651362414
1.2117310733570479
1.2145427429256492
1.2173368885918043
1.2201137214826774
1.2228734491813051
1.2256162758029514
1.2283424020694096
1.2310520253813941
1.2337453398889613
1.236422536560124
1.2390838032476865
1.2417293247543055
1.2443592828959193
1.2469738565635198
1.2495732217833513
1.2521575517756072
1.2547270170115918
1.2572817852695024
1.2598220216887637
1.2623478888230635
1.2648595466920085
1.2673571528315761
1.2698408623432853
1.2723108279421602
1.2747672000035706
1.2772101266089113
1.2796397535901718
1.2820562245734763
1.2844596810215456
1.2868502622751923
1.2892281055937913
1.2915933461948363
1.2939461172925664
1.2962865501356737
1.2986147740441611
1.3009309164453369
1.303235102908988
1.3055274571817392
1.3078081012206633
1.3100771552260886
1.3123347376736991
1.3145809653458922
1.3168159533624613
1.3190398152105653
1.3212526627740715
1.3234546063622186
1.3256457547376777
1.3278262151439781
1.3299960933323511
1.3321554935880007
1.3343045187557685
1.336443270265316
1.3385718481556943
1.3406903510994514
1.342798876426184
1.3448975201456226
1.3469863769702506
1.3490655403373402
1.3511351024307243
1.3531951542018983
1.3552457853908586
1.3572870845464184
1.3593191390461365
1.3613420351158636
1.3633558578488054
1.3653606912243355
1.3673566181262893
1.3693437203610008
1.3713220786748888
1.3732917727718037
1.375252881329894
1.377205482018244
1.379149651513154
1.381085465514069
1.3830129987592685
1.384932325041175
1.386843517221383
1.388746647245483
1.3906417861574363
1.392529004113827
1.3944083703977832
1.3962799534325996
1.3981438207952177
1.4000000392292213
1.40184867465788
1.403689792196767
1.4055234561661025
1.4073497301030657
1.409168676773641
1.4109803581844935
1.412784835594328
1.414582169525339
1.4163724197742884
1.4181556454233548
1.4199319048509158
1.4217012557420323
1.4234637550987261
1.4252194592502372
1.4269684238628433
1.428710703949769
1.4304463538806798
1.4321754273911538
1.4338979775920542
1.4356140569784894
1.4373237174388163
1.4390270102634395
1.4407239861534822
1.4424146952291825
1.444099187038336
1.4457775105643846
1.4474497142345877
1.4491158459278972
1.4507759529826665
1.452430082204426
1.4540782798732275
1.4557205917513047
1.4573570630900623
1.458987738637436
1.460612662644685
1.4622318788735982
1.463845430603044
1.4654533606357685
1.4670557113048892
1.4686525244804443
1.4702438415756969
1.4718297035533618
1.4734101509318018
1.4749852237910819
1.476554961778854
1.4781194041162633
1.479678589603647
1.481232556626373
1.4827813431601216
1.4843249867766248
1.4858635246489569
1.4873969935568936
1.488925429891987
1.4904488696629554
1.4919673485005054
1.49348090166253
1.494989564038826
1.496493370156076
1.497992354182356
1.4994865499322005
1.500975990870815
1.5024607101189325
1.503940740456986
1.505416114329654
1.5068868638502602
1.5083530208048572
1.5098146166565696
1.5112716825496453
1.5127242493134763
1.5141723474668172
1.5156160072214313
1.5170552584862038
1.518490130870891
1.5199206536898502
1.5213468559658225
1.5227687664335665
1.524186413543429
1.5255998254649803
1.5270090300902799
1.5284140550378056
1.5298149276551296
1.531211675023061
1.5326043239581697
1.5339929010167608
1.5353774324974285
1.5367579444446504
1.5381344626516906
1.5395070126638062
1.54087561978096
1.5422403090612533
1.5436011053233976
1.5449580331499133
1.5463111168899044
1.5476603806616709
1.5490058483558118
1.5503475436377068
1.5516854899502444
1.5530197105164691
1.5543502283424033
1.5556770662191466
1.5570002467259914
1.5583197922324417
1.5596357249009973
1.5609480666894728
1.5622568393533274
1.56356206444813
1.5648637633318165
1.566161957167144
1.567456666923689
1.5687479133804678
1.570035717127686
1.5713200985693094
1.5726010779250192
1.5738786752322023
1.5751529103485127
1.5764238029534328
1.577691372550346
1.5789556384688934
1.580216619866725
1.5814743357314496
1.5827288048824244
1.5839800459730238
1.58522807749205
1.5864729177662102
1.5877145849610712
1.5889530970836416
1.5901884719837949
1.5914207273560572
1.5926498807412728
1.593875949528497
1.5950989509564664
1.5963189021152708
1.5975358199485212
1.5987497212538948
1.5999606226859329
1.6011685407564726
1.6023734918372343
1.6035754921608443
1.6047745578220831
1.6059707047799505
1.607163948858962
1.608354305750118
1.609541791013138
1.6107264200774531
1.611908208243487
1.613087170684258
1.6142633224467275
1.6154366784530256
1.6166072535020057
1.6177750622702414
1.6189401193134982
1.6201024390680812
1.6212620358522076
1.6224189238666482
1.6235731171966594
1.6247246298131448
1.6258734755729887
1.6270196682214892
1.6281632213928698
1.6293041486111883
1.6304424632920334
1.631578178743407
1.6327113081667295
1.6338418646582438
1.6349698612097021
1.6360953107096599
1.637218225944843
1.6383386196007552
1.6394565042625149
1.6405718924165364
1.6416847964512282
1.6427952286577576
1.6439032012314763
1.6450087262724675
1.6461118157868173
1.6472124816875648
1.6483107357952524
1.6494065898394596
1.6505000554592697
1.6515911442040265
1.6526798675349195
1.6537662368251285
1.6548502633613922
1.6559319583442933
1.6570113328888256
1.6580883980265793
1.6591631647053893
1.6602356437901822
1.661305846064548
1.6623737822307798
1.663439462911011
1.6645028986484383
1.6655640999066577
1.6666230770724721
1.667679840454668
1.6687344002865798
1.6697867667249469
1.6708369498524553
1.6718849596770866
1.6729308061336405
1.6739744990841854
1.6750160483184813
1.6760554635552871
1.6770927544422616
1.6781279305577828
1.679161001409759
1.6801919764386315
1.6812208650160114
1.682247676446549
1.6832724199678628
1.6842951047518937
1.685315739904379
1.686334334467072
1.6873508974164673
1.6883654376662893
1.6893779640666344
1.690388485405511
1.691397010408651
1.6924035477408195
1.6934081060055164
1.6944106937468026
1.69541131944815
1.696409991535051
1.6974067183733148
1.69840150827166
1.6993943694809222
1.7003853101947952
1.701374338551206
1.7023614626312142
1.7033466904611139
1.7043300300127093
1.7053114892024386
1.7062910758929422
1.7072687978944032
1.7082446629628762
1.709218678802958
1.7101908530665326
1.711161193353962
1.7121297072150718
1.7130964021485842
1.714061285603358
1.7150243649785697
1.7159856476233697
1.71694514083948
1.7179028518788886
1.718858787945927
1.7198129561982434
1.7207653637452558
1.7217160176502315
1.7226649249296146
1.7236120925544858
1.7245575274503393
1.7255012364972435
1.726443226530647
1.7273835043422312
1.728322076679027
1.7292589502443625
1.7301941316993015
1.7311276276613994
1.732059444705741
1.732989589365707
1.733918068132012
1.7348448874558677
1.735770053745387
1.7366935733696036
1.7376154526560748
1.7385356978935425
1.7394543153293105
1.7403713111738108
1.7412866915968563
1.7422004627295853
1.743112630665506
1.7440232014599393
1.744932181130411
1.7458395756573148
1.7467453909836568
1.7476496330155822
1.7485523076232625
1.7494534206407795
1.750352977866228
1.7512509850621638
1.752147447955163
1.7530423722385655
1.753935763569363
1.754827627570916
1.7557179698327123
1.7566067959101288
1.75749411132437
1.7583799215649876
1.7592642320867773
1.7601470483132975
1.7610283756347762
1.7619082194090372
1.7627865849628825
1.7636634775908424
1.7645389025556169
1.7654128650899374
1.7662853703944712
1.7671564236396697
1.7680260299658206
1.7688941944830172
1.7697609222707367
1.770626218378855
1.7714900878287143
1.7723525356117653
1.7732135666901636
1.7740731859980234
1.7749313984403536
1.7757882088940944
1.776643622208345
1.777497643203221
1.778350276672178
1.779201527381973
1.780051400070778
1.78089989944938
1.7817470302027876
1.7825927969898976
1.7834372044422262
1.784280257164558
1.7851219597374557
1.7859623167148229
1.7868013326245131
1.7876390119693155
1.7884753592266058
1.7893103788503406
1.7901440752668378
1.7909764528807954
1.7918075160697409
1.7926372691889056
1.7934657165687673
1.7942928625158037
1.795118711313031
1.7959432672200415
1.796766534472282
1.797588517284216
1.7984092198436699
1.7992286463193379
1.8000468008551642
1.800863687572264
1.8016793105723197
1.8024936739305117
1.8033067817036443
1.804118637925905
1.8049292466084699
1.8057386117421708
1.806546737295791
1.8073536272185204
1.8081592854367077
1.8089637158565433
1.8097669223630195
1.810568908821772
1.8113696790770848
1.812169236952754
1.8129675862524917
1.8137647307619227
1.8145606742446945
1.8153554204442706
1.8161489730875116
1.816941335878571
1.817732512505574
1.818522506633752
1.819311321912801
1.8200989619711132
1.820885430420589
1.8216707308524425
1.8224548668418163
1.8232378419421678
1.8240196596920484
1.824800323609768
1.8255798371978122
1.826358203938542
1.8271354272979201
1.8279115107244874
1.8286864576485422
1.829460271484032
1.8302329556270012
1.8310045134577526
1.831774948336214
1.8325442636092275
1.833312462606715
1.834079548639164
1.834845525002953
1.8356103949770617
1.8363741618246927
1.8371368287937289
1.8378983991132114
1.8386588759999196
1.8394182626519804
1.8401765622534505
1.8409337779723147
1.8416899129603153
1.842444970355679
1.8431989532788964
1.8439518648374993
1.844703708122714
1.8454544862106055
1.846204202163428
1.8469528590287754
1.8477004598383417
1.848447007610061
1.8491925053467417
1.8499369560376808
1.8506803626569486
1.8514227281660405
1.8521640555106478
1.8529043476223177
1.8536436074217193
1.8543818378114503
1.8551190416850334
1.855855221916213
1.8565903813725597
1.8573245229010316
1.8580576493420884
1.8587897635172752
1.859520868236937
1.8602509663007316
1.8609800604913378
1.8617081535809406
1.8624352483279845
1.8631613474790703
1.863886453766207
1.8646105699120323
1.865333698623756
1.8660558425963607
1.8667770045150165
1.8674971870508468
1.8682163928613826
1.8689346245951581
1.8696518848861525
1.8703681763577207
1.871083501619596
1.8717978632728163
1.8725112639049106
1.8732237060905776
1.8739351923941627
1.8746457253702933
1.875355307558572
1.8760639414890155
1.8767716296817183
1.8774783746429917
1.8781841788698415
1.8788890448473516
1.8795929750494471
1.8802959719411503
1.8809980379730242
1.8816991755881343
1.8823993872156086
1.883098675277914
1.8837970421838057
1.8844944903324679
1.8851910221131059
1.8858866399035885
1.8865813460724086
1.8872751429757622
1.8879680329623512
1.8886600183694042
1.8893511015248736
1.890041284744992
1.8907305703364827
1.891418960598519
1.8921064578173423
1.8927930642721023
1.893478782227577
1.8941636139450269
1.8948475616746614
1.8955306276504504
1.8962128141059014
1.896894123261527
1.8975745573257141
1.8982541185031914
1.8989328089838893
1.8996106309526428
1.9002875865795992
1.9009636780353978
1.9016389074724767
1.9023132770369897
1.902986788867508
1.903659445095311
1.9043312478384773
1.905002199207435
1.9056723013066534
1.9063415562280537
1.9070099660601558
1.9076775328781999
1.9083442587485788
1.909010145733803
1.9096751958827698
1.910339411242693
1.9110027938423197
1.911665345712964
1.912327068870554
1.912987965325984
1.9136480370793603
1.914307286127403
1.914965714450863
1.9156233240316298
1.916280116840527
1.9169360948347691
1.9175912599719949
1.9182456141973325
1.9188991594477491
1.919551897654892
1.9202038307433362
1.9208549606277492
1.9215052892137239
1.922154818404292
1.9228035500896588
1.9234514861580994
1.9240986284844623
1.9247449789399589
1.9253905393877606
1.9260353116844393
1.9266792976801697
1.9273224992123306
1.9279649181164777
1.9286065562215473
1.9292474153444643
1.9298874972990474
1.9305268038926469
1.9311653369227237
1.9318030981830185
1.9324400894560958
1.9330763125206
1.9337117691491856
1.9343464611050167
1.934980390146982
1.9356135580230482
1.936245966484234
1.9368776172611506
1.9375085120874476
1.9381386526899593
1.9387680407851353
1.9393966780819054
1.9400245662916844
1.9406517071049647
1.9412781022204053
1.9419037533207537
1.942528662087879
1.943152830191228
1.943776259303815
1.9443989510798103
1.945020907177958
1.9456421292451993
1.9462626189253331
1.946882377852612
1.9475014076588892
1.9481197099675949
1.9487372863977348
1.9493541385596223
1.9499702680601028
1.950585676500535
1.9512003654747219
1.9518143365730416
1.9524275913740696
1.9530401314591057
1.9536519583991123
1.9542630737576479
1.9548734790934859
1.9554831759676201
1.9560921659209587
1.9567004504998375
1.957308031241816
1.9579149096804587
1.958521087338218
1.9591265657387125
1.9597313463984045
1.9603354308232483
1.9609388205236704
1.9615415169930739
1.9621435217295533
1.962744836220551
1.963345461951176
1.9639454003937356
1.9645446530281123
1.9651432213159623
1.965741106727017
1.9663383107111114
1.9669348347257019
1.9675306802119412
1.9681258486194093
1.9687203413811512
1.9693141599285193
1.969907305689646
1.9704997800858413
1.9710915845328447
1.9716827204450416
1.972273189230514
1.9728629922871388
1.9734521310206574
1.9740406068143364
1.9746284210602112
1.975215575140688
1.975802070435779
1.976387908314096
1.9769730901530258
1.9775576173114287
1.9781414911482702
1.9787247130177184
1.9793072842734944
1.9798892062582603
1.980470480315052
1.9810511077794963
1.981631089981128
1.9822104282557713
1.9827891239165119
1.98336717829015
1.9839445926826649
1.984521368408767
1.9850975067721166
1.9856730090787928
1.9862478766180558
1.986822110684917
1.9873957125686317
1.9879686835530153
1.9885410249141044
1.989112737929755
1.9896838238738779
1.9902542840013484
1.9908241195894538
1.9913933318863464
1.9919619221540315
1.9925298916349152
1.9930972415795039
1.9936639732262282
1.9942300878178076
1.9947955865840394
1.9953604707580914
1.995924741560973
1.996488400217301
1.9970514479458643
1.9976138859582662
1.9981757154654138
1.9987369376669706
1.9992975537779625
1.9998575649872048
2.0004169724907452
2.0009757774794124
2.001533981137146
2.0020915846512075
2.002648589200982
2.0032049959521667
2.003760806086773
2.004316020770571
2.0048706411645445
2.005424668429417
2.005978103722995
2.006530948194904
2.007083203000756
2.007634869281326
2.008185948176886
2.008736440830218
2.009286348377732
2.009835671945111
2.0103844126613977
2.0109325716504696
2.011480150030568
2.012027148932066
2.0125735694495397
2.013119412705754
2.013664679802452
2.0142093718434544
2.0147534899319486
2.0152970351544184
2.015840008618644
2.0163824113996096
2.016924244593773
2.017465509275596
2.0180062065353384
2.0185463374418013
2.0190859030670536
2.0196249044770025
2.020163342750406
2.020701218942811
2.0212385341118577
2.0217752893166567
2.022311485612065
2.022847124044032
2.0233822056595585
2.0239167315094067
2.024450702622325
2.024984120048438
2.0255169848164316
2.026049297952047
2.026581060490329
2.027112273457654
2.027642937865171
2.0281730547451193
2.0287026251018214
2.0292316499538647
2.0297601303076163
2.030288067173917
2.0308154615537126
2.0313423144488754
2.0318686268521486
2.032394399765015
2.0329196341719493
2.033444331069933
2.033968491443395
2.0344921162649894
2.035015206526509
2.0355377631982843
2.0360597872569595
2.036581279669183
2.03710224141283
2.0376226734490017
2.0381425767368606
2.0386619522414353
2.0391808009204055
2.039699123720916
2.0402169215995505
2.0407341955059852
2.0412509463858446
2.0417671751767017
2.0422828828258037
2.0427980702679114
2.0433127384410374
2.0438268882759942
2.04434052070773
2.0448536366491106
2.0453662370376406
2.045878322787024
2.0463898948222403
2.046900954054764
2.047411501403712
2.0479215377766296
2.0484310640833403
2.0489400812258167
2.049448590117488
2.0499565916473372
2.0504640867222066
2.050971076229114
2.0514775610712577
2.051983542131737
2.052489020301756
2.0529939964617245
2.053498471509013
2.0540024463034197
2.0545059217447417
2.0550088986960917
2.0555113780273304
2.0560133606197275
2.056514847334384
2.0570158390405493
2.057516336602988
2.058016340872218
2.058515852718924
2.0590148729964106
2.0595134025560986
2.0600114422481153
2.060508992926767
2.0610060554336425
2.0615026306211113
2.061998719316653
2.0624943223722587
2.0629894406292966
2.0634840749101064
2.0639782260488966
2.0644718948883276
2.0649650822433907
2.0654577889496264
2.0659500158239963
2.066441763692231
2.066933033369877
2.067423825678747
2.06791414142866
2.068403981435044
2.068893346504872
2.0693822374485538
2.0698706550783315
2.070358600185243